Porous mesh results (cavity_diameter 2 cm, cavity_distancing 0.5 cm, slate_thickness 2.5 cm, 4x4 copies, inlet speed 10):
thick_1_rel, thick_2_rel, thick_3_rel, ratio, grid_refinement, cells,     faces,      points,    k
0.00         0.01         0.03         4.0    2                349212     1061062     362755     2.832
0.00         0.01         0.03         4.0    3                789739     2478207     897380     2.788
0.01         0.03         0.05         4.0    3                2312575    6996447     2371173    2.826
0.01         0.03         0.05         4.0    4                4112817    12936069    4727550    2.829
0.00         0.50         0.50         1.0    2                5058560    15188992    5071984    2.870
0.02         0.06         0.10         4.0    4                6537589    20210388    7152326    2.886
0.05         0.10         0.20         4.0    4                12921603   39362430    13536339   2.911
0.10         0.15         0.20         4.0    5                30316175   93458603    32907032   2.980
0.50         0.50         0.20         1.0    5                49971069   152423402   52562038